name01
89
75
95
65
60
62
93
74
Hwang02
97
80
74
100
97
62
79
82
name03
86
70
95
69
73
82
89
95
Park04
91
78
72
71
63
62
82
62
name05
71
94
76
77
74
83
84
92
name06
84
77
81
98
80
88
84
73
name07
60
72
95
91
68
63
70
92
name08
72
72
70
61
95
100
69
81
name09
98
97
61
78
68
91
63
92
name10
79
91
95
90
77
73
73
86
Moon11
79
83
90
81
79
88
93
100
name12
63
75
94
62
83
94
80
64
name13
76
87
61
68
65
77
61
60
Lee14
88
88
65
70
79
86
65
87
kim15
88
96
75
83
97
90
83
78
name16
71
73
64
68
69
74
66
73
name17
63
61
79
94
75
79
82
83
name18
97
92
69
100
72
62
100
64
name19
74
74
80
92
79
62
98
89
Choi20
91
64
73
67
74
94
60
78
name21
65
77
65
60
91
94
91
94
name22
79
93
61
60
68
63
60
83
name23
71
63
87
84
81
93
71
96